Group	MetinLv5
{
	Mob	8001
	Type	drop
	1	50300	1	100
	2	27999	1	50
	3	71084	2	20
}
Group	MetinLv10
{
	Mob	8002
	Type	drop
	1	50300	1	150
	2	27999	1	50
	3	71084	2	20
}
Group	MetinLv15
{
	Mob	8003
	Type	drop
	1	50300	1	150
	2	27999	1	50
	3	71084	2	20
}
Group	MetinLv20
{
	Mob	8004
	Type	drop
	1	50300	1	150
	2	27999	1	50
	3	71084	2	20
}
Group	MetinLv25
{
	Mob	8005
	Type	drop
	1	50300	1	150
	2	27999	1	50
	3	71084	2	20
}
Group	MetinLv30
{
	Mob	8006
	Type	drop
	1	50300	1	200
	2	27999	1	50
	3	71084	4	20
}
Group	MetinLv35
{
	Mob	8007
	Type	drop
	1	50300	1	200
	2	27999	1	50
	3	71084	6	20
}
Group	MetinLv40
{
	Mob	8008
	Type	drop
	1	50300	1	200
	2	27999	1	50
	3	71084	6	20
}
Group	MetinLv45
{
	Mob	8009
	Type	drop
	1	50300	1	200
	2	27999	1	50
	3	71084	10	20
}
Group	MetinLv50
{
	Mob	8010
	Type	drop
	1	50300	1	250
	2	27999	1	50
	3	71084	10	20
}
Group	MetinLv55
{
	Mob	8011
	Type	drop
	1	50300	1	250
	2	27999	1	50
	3	71084	10	20
	4	11661	1	15
	5	11662	1	10
	6	11861	1	25
	7	11862	1	15
	8	11461	1	10
	9	11462	1	25
	10	11261	1	15
	11	11262	1	9
}
Group	MetinLv60
{
	Mob	8012
	Type	drop
	1	50300	1	300
	2	27999	1	50
	3	71084	10	20
	4	11661	1	15
	5	11662	1	10
	6	11861	1	25
	7	11862	1	15
	8	11461	1	10
	9	11462	1	25
	10	11261	1	15
	11	11262	1	9
}
Group	MetinLv65
{
	Mob	8013
	Type	drop
	1	50300	1	300
	2	27999	1	50
	3	71084	10	20
	4	11671	1	15
	5	11672	1	10
	6	11871	1	25
	7	11872	1	15
	8	11471	1	10
	9	11472	1	25
	10	11271	1	15
	11	11272	1	9
}
Group	MetinLv70
{
	Mob	8014
	Type	drop
	1	50300	1	300
	2	27999	1	50
	3	71084	10	20
	4	11671	1	15
	5	11672	1	10
	6	11871	1	25
	7	11872	1	15
	8	11471	1	10
	9	11472	1	25
	10	11271	1	15
	11	11272	1	9
}
Group	MetinLv50
{
	Mob	8015
	Type	drop
	1	50300	1	400
	2	27999	1	50
	3	71084	10	20
}
Group	MetinLv55
{
	Mob	8016
	Type	drop
	1	50300	1	400
	2	27999	1	50
	3	71084	10	20
	4	11661	1	15
	5	11662	1	10
	6	11861	1	25
	7	11862	1	15
	8	11461	1	10
	9	11462	1	25
	10	11261	1	15
	11	11262	1	9
}
Group	MetinLv60
{
	Mob	8017
	Type	drop
	1	50300	1	400
	2	27999	1	50
	3	71084	10	20
	4	11661	1	15
	5	11662	1	10
	6	11861	1	25
	7	11862	1	15
	8	11461	1	10
	9	11462	1	25
	10	11261	1	15
	11	11262	1	9
}
Group	MetinLv65
{
	Mob	8018
	Type	drop
	1	50300	1	400
	2	27999	1	50
	3	71084	10	20
	4	11671	1	15
	5	11672	1	10
	6	11871	1	25
	7	11872	1	15
	8	11471	1	10
	9	11472	1	25
	10	11271	1	15
	11	11272	1	9
}
Group	MetinLv70
{
	Mob	8019
	Type	drop
	1	50300	1	400
	2	27999	1	50
	3	71084	10	20
	4	11671	1	15
	5	11672	1	10
	6	11871	1	25
	7	11872	1	15
	8	11471	1	10
	9	11472	1	25
	10	11271	1	15
	11	11272	1	9
}
Group	MetinLv75
{
	Mob	8024
	Type	drop
	1	3140	1	10
	2	3141	1	5
	3	1110	1	10
	4	1111	1	5
	5	2130	1	10
	6	2131	1	5
	7	7140	1	10
	8	7141	1	5
	9	5100	1	10
	10	5101	1	5
	11	160	1	10
	12	161	1	5
	13	240	1	10
	14	241	1	5
	15	50300	1	400
	16	27999	1	50
	17	71084	10	20
	18	11281	1	15
	19	11481	1	15
	20	11681	1	15
	21	11881	1	15
}
Group	MetinLv80
{
	Mob	8025
	Type	drop
	1	3141	1	10
	2	3142	1	5
	3	1111	1	10
	4	1112	1	5
	5	2131	1	10
	6	2132	1	5
	7	7141	1	10
	8	7142	1	5
	9	5101	1	10
	10	5102	1	5
	11	161	1	10
	12	162	1	5
	13	241	1	10
	14	242	1	5
	15	50300	1	400
	16	27999	1	50
	17	71084	10	20
	18	11281	1	15
	19	11481	1	15
	20	11681	1	15
	21	11881	1	15
}
Group	MetinLv85
{
	Mob	8026
	Type	drop
	1	3142	1	10
	2	3143	1	25
	3	1112	1	15
	4	1113	1	10
	5	2132	1	25
	6	2133	1	15
	7	7142	1	10
	8	7143	1	25
	9	5102	1	15
	10	5103	1	10
	11	162	1	25
	12	163	1	15
	13	242	1	10
	14	243	1	25
	15	11681	1	15
	16	11682	1	10
	17	11881	1	25
	18	11882	1	15
	19	11481	1	10
	20	11482	1	25
	21	11281	1	15
	22	11282	1	9
	23	25040	1	21
	24	72006	1	20
	25	70005	1	20
	26	50300	1	400
	27	27999	1	50
	28	71084	10	20
}
Group	MetinLv90
{
	Mob	8027
	Type	drop
	1	151	1	5
	2	152	1	15
	3	153	1	10
	4	5091	1	5
	5	5092	1	15
	6	5093	1	10
	7	141	1	5
	8	142	1	15
	9	143	1	10
	10	3131	1	5
	11	3132	1	15
	12	3133	1	10
	13	1101	1	5
	14	1102	1	15
	15	1103	1	10
	16	7131	1	5
	17	7132	1	15
	18	7133	1	10
	19	2141	1	5
	20	2142	1	15
	21	2143	1	10
	22	11691	1	5
	23	11692	1	15
	24	11693	1	10
	25	11891	1	5
	26	11892	1	15
	27	11893	1	10
	28	11491	1	5
	29	11492	1	15
	30	11493	1	10
	31	11291	1	5
	32	11292	1	15
	33	11293	1	10
	34	17164	1	9
	35	17165	1	24
	36	17166	1	14
	37	16164	1	9
	38	16165	1	24
	39	16166	1	14
	40	14164	1	9
	41	14165	1	24
	42	14166	1	14
	43	25040	1	21
	44	72006	1	20
	45	70005	1	20
	46	50300	1	400
	47	27999	1	50
	48	71084	10	20
}
Group	GibonSoldat
{
	Mob	5101
	Type	drop
	1	50050	1	20
}
Group	GibonGrenadier
{
	Mob	5102
	Type	drop
	1	50050	1	20
}
Group	GibonLuptator
{
	Mob	5103
	Type	drop
	1	50050	1	100
}
Group	GibonGeneral
{
	Mob	5104
	Type	drop
	1	50050	1	20
}
Group	MaimutaSoldat
{
	Mob	5111
	Type	drop
	1	50050	1	20
}
Group	MaimutaGrenadier
{
	Mob	5112
	Type	drop
	1	50050	1	20
}
Group	MaimutaLuptator
{
	Mob	5113
	Type	drop
	1	50050	1	30
}
Group	MaimutaGeneral
{
	Mob	5114
	Type	drop
	1	50050	1	40
}
Group	MaimutaDePiatra
{
	Mob	5115
	Type	drop
	1	50050	1	20
}
Group	MaimutaConducator
{
	Mob	5121
	Type	drop
	1	50050	1	20
}
Group	GorilaGrenadier
{
	Mob	5122
	Type	drop
	1	50050	1	20
}
Group	GorilaLuptator
{
	Mob	5123
	Type	drop
	1	50050	1	20
}
Group	GorilaGeneral
{
	Mob	5124
	Type	drop
	1	50050	1	20
}
Group	GorilaDePiatra
{
	Mob	5125
	Type	drop
	1	50050	1	100
}
Group	GorilaDeAur
{
	Mob	5126
	Type	drop
	1	50050	1	100
}
Group	IceWitch
{
	Level_limit	80
	Mob	1191
	Type	drop
	1	11292	1	50
	2	11492	1	50
	3	11692	1	50
	4	11892	1	50
	5	13063	1	50
	6	13083	1	50
	7	13103	1	50
	8	13123	1	50
	9	15185	1	50
	10	15165	1	50
	11	15205	1	50
	12	15225	1	50
	13	16205	1	50
	14	16185	1	50
	15	17145	1	50
	16	17165	1	50
	17	17185	1	50
	18	17205	1	50
	19	70031	1	50
	20	30190	1	400
}
Group	Refine_2311
{
	Mob	2311
	Type	drop
	1	30197	1	8
}
Group	Refine_2312
{
	Mob	2312
	Type	drop
	1	30197	1	8
}
Group	Refine_2313
{
	Mob	2313
	Type	drop
	1	30197	1	8
}
Group	Refine_2314
{
	Mob	2314
	Type	drop
	1	30197	1	8
}
Group	Refine_1131
{
	Mob	1131
	Type	drop
	1	30198	1	8
}
Group	Refine_1137
{
	Mob	1137
	Type	drop
	1	30198	1	8
}
Group	Refine_1501
{
	Mob	1501
	Type	drop
	1	30195	1	8
}
Group	Refine_2404
{
	Mob	2404
	Type	drop
	1	30199	1	8
}
Group	Refine_2413
{
	Mob	2413
	Type	drop
	1	30199	1	8
	2	30196	1	8
}
Group	Refine_2414
{
	Mob	2414
	Type	drop
	1	30199	1	8
	2	30196	1	8
}
Group	YonghanCaptain
{
	Level_limit	85
	Mob	2491
	Type	drop
	1	30179	1	400
	2	30196	1	1
}
Group	YonghanGeneral
{
	Level_limit	85
	Mob	2492
	Type	drop
	1	30179	2	100
	2	30190	1	100
	3	13063	1	100
	4	14206	1	50
	5	27987	1	100
	6	13083	1	100
	7	13103	1	100
	8	15165	1	30
	9	16203	1	50
	10	17184	1	50
	11	17203	1	30
	12	13123	1	50
	13	14143	1	30
	14	15204	1	30
	15	16184	1	50
}
Group	BlueDragon
{
	Level_limit	90
	Mob	2493
	Type	drop
	1	30190	2	50
	2	12284	1	20
	3	12404	1	20
	4	12544	1	20
	5	12684	1	20
	6	15374	1	20
	7	15394	1	20
	8	15414	1	20
	9	15434	1	20
	10	27987	15	75
	11	71123	1	5
	12	71129	1	5
	13	71083	1	1
	14	25041	5	15
	15	71084	250	10
	16	50513	1	15
	17	50513	1	15
	18	27992	1	20
	19	27993	1	10
	20	27994	1	5
	21	70024	1	15
}
Group	HuashinCaptain
{
	Level_limit	85
	Mob	2494
	Type	drop
	1	30179	1	400
}
Group	HuashinGeneral
{
	Level_limit	85
	Mob	2495
	Type	drop
	1	30179	3	100
	2	30190	1	100
	3	11691	1	30
	4	11491	1	30
	5	11891	1	30
	6	11291	1	30
	7	13064	1	100
	8	13084	1	30
	9	13104	1	100
	10	16204	1	50
	11	17204	1	30
	12	13124	1	100
	13	15205	1	30
	14	27987	1	100
}