Group MountSystem
{
	Vnum	10030
	1	71114	1	1
	2	71116	1	1
	3	71118	1	1
	4	71120	1	1
	5	71121	1	1
	6	71124	1	1
	7	71125	1	1
	8	71126	1	1
	9	71127	1	1
	10	71128	1	1
}

Group	StonesBundle
{
	Vnum	27999
	1	28330	1	35
	2	28331	1	35
	3	28332	1	35
	4	28333	1	35
	5	28334	1	35
	6	28335	1	35
	7	28336	1	35
	8	28337	1	35
	9	28338	1	35
	10	28339	1	35
	11	28340	1	35
	12	28341	1	35
	13	28342	1	35
	14	28343	1	35
	15	28430	1	10
	16	28431	1	10
	17	28432	1	10
	18	28433	1	10
	19	28434	1	10
	20	28435	1	10
	21	28436	1	10
	22	28437	1	10
	23	28438	1	10
	24	28439	1	10
	25	28440	1	10
	26	28441	1	10
	27	28442	1	10
	28	28443	1	10
	29	71083	1	7
}

Group	MoonLightChest
{
	Vnum	50011
	1	27992	1	7
	2	27993	1	7
	3	27994	1	7
	4	50813	2	8
	5	50814	2	8
	6	50815	2	4
	7	50816	2	8
	8	50817	2	4
	9	50818	2	8
	10	50819	2	4
	11	50820	2	8
	12	72730	1	3
	13	72726	1	1
	14	70024	2	4
	15	25041	1	1
	16	30190	1	1
	17	71101	1	1
	18	25100	1	1
	19	50801	2	8
	20	50802	2	4
	21	50803	2	8
	22	50804	2	4
	23	71027	1	9
	24	71028	1	9
	25	71029	1	9
	26	71030	1	9
	27	71044	1	9
	28	71045	1	9
	29	71035	1	1
	30	71095	1	1
	31	71001	1	1
	32	71094	3	1
}
